<?xml version="1.0"?>
<opencv_storage>
<calibration_time>"Mon Mar 28 14:58:57 2022"</calibration_time>
<nr_of_frames>13</nr_of_frames>
<image_width>1280</image_width>
<image_height>720</image_height>
<board_width>12</board_width>
<board_height>8</board_height>
<square_size>29.</square_size>
<fix_aspect_ratio>1.</fix_aspect_ratio>
<!-- flags: +fix_aspectRatio +fix_principal_point +zero_tangent_dist +fix_k4 +fix_k5 -->
<flags>6158</flags>
<fisheye_model>0</fisheye_model>
<camera_matrix type_id="opencv-matrix">
  <rows>3</rows>
  <cols>3</cols>
  <dt>d</dt>
  <data>
    1.0272067707356030e+03 0. 6.3950000000000000e+02 0.
    1.0272067707356030e+03 3.5950000000000000e+02 0. 0. 1.</data></camera_matrix>
<distortion_coefficients type_id="opencv-matrix">
  <rows>5</rows>
  <cols>1</cols>
  <dt>d</dt>
  <data>
    -4.1975909041818131e-02 6.1113602868631364e-02 0. 0.
    -1.8944263773968928e-01</data></distortion_coefficients>
<avg_reprojection_error>1.1566283874237757e+00</avg_reprojection_error>
<per_view_reprojection_errors type_id="opencv-matrix">
  <rows>13</rows>
  <cols>1</cols>
  <dt>f</dt>
  <data>
    1.68518364e+00 5.83676755e-01 1.22490108e+00 7.77148426e-01
    4.38922226e-01 5.43362439e-01 8.62713516e-01 8.42490017e-01
    1.07640278e+00 2.62547112e+00 5.83882987e-01 9.41215992e-01
    9.41215992e-01</data></per_view_reprojection_errors>
<!-- a set of 6-tuples (rotation vector + translation vector) for each view -->
<extrinsic_parameters type_id="opencv-matrix">
  <rows>13</rows>
  <cols>6</cols>
  <dt>d</dt>
  <data>
    -7.4271419908153813e-01 5.3043447919550865e-03
    9.0311653085842786e-03 -1.6326839505950002e+02
    -1.6254381195108505e+02 6.0827079648079291e+02
    -2.0858177473076425e-01 1.4945475626973764e-01
    1.6787198339669414e-02 3.9488180788792981e+01
    -1.1813900168622187e+02 6.9139323799453882e+02
    -2.9648778045103047e-01 -1.7320008697710967e-01
    -7.1220897174797113e-02 -3.0818551770689845e+02
    -9.7790578669572923e+01 6.1652602053049191e+02
    -2.9708325851335537e-01 4.7025410050408188e-02
    -2.1993824779948715e-02 -3.1056625007162076e+01
    -3.1444112125966456e+01 6.7840449401163960e+02
    -9.5110783022204798e-02 9.4577710872954315e-02
    3.0481518216710734e-03 3.8445741208452837e+01
    -1.8586497807215457e+02 6.8479153710899334e+02
    -7.9342127042728625e-02 1.8991378411278841e-02
    2.1674025267567128e-02 -3.7802878776462370e+02
    -2.1056834431052997e+02 6.8637348535151034e+02
    -3.2941461833348717e-01 -8.5706917944468719e-02
    -6.4207631212447380e-02 -3.6501879112156024e+02
    -2.0814364771192594e+01 6.8983171467131785e+02
    -7.0385036802428191e-02 -1.1313737281705913e-01
    4.5590078524762795e-02 -1.2495861582594951e+02
    -1.1279863202935870e+02 6.1947320103928314e+02
    -7.5260088676266623e-01 1.1368379653340382e-01
    3.4631378234144305e-02 -1.2446193564136041e+02
    -4.4646313518496342e+01 8.2359641286574094e+02
    3.9904006879217274e-01 1.3152721757841693e-01
    -1.9786712365769822e-02 -1.5901217618455826e+02
    -9.3275235776453954e+01 5.4708022474982477e+02
    -1.6061624165000674e-01 1.5362682076691042e-01
    -1.0574007769009302e-02 -1.7090402367783366e+02
    -8.4935900657931185e+01 7.6293724074434817e+02
    -1.7303624667033718e-01 7.2850199815226099e-02
    1.5110063599689387e+00 -1.9177162047577275e+02
    -1.8405502747624521e+02 7.2722576070881314e+02
    -1.7303624667033690e-01 7.2850199815225877e-02
    1.5110063599689387e+00 -1.9177162047577275e+02
    -1.8405502747624521e+02 7.2722576070881314e+02</data></extrinsic_parameters>
<image_points type_id="opencv-matrix">
  <rows>13</rows>
  <cols>96</cols>
  <dt>"2f"</dt>
  <data>
    3.64576355e+02 8.92930374e+01 4.13449341e+02 8.73360825e+01
    4.62433167e+02 8.66861572e+01 5.11872498e+02 8.63998413e+01
    5.60766846e+02 8.62392197e+01 6.09735291e+02 8.63851776e+01
    6.58579651e+02 8.64585495e+01 7.08119324e+02 8.63956757e+01
    7.56613831e+02 8.71675644e+01 8.06023132e+02 8.78850403e+01
    8.53626465e+02 8.91862411e+01 9.01493530e+02 9.07390900e+01
    3.54475311e+02 1.15328041e+02 4.04978668e+02 1.14625992e+02
    4.56225037e+02 1.14695282e+02 5.07276367e+02 1.15260178e+02
    5.57729980e+02 1.15131805e+02 6.08297791e+02 1.14740685e+02
    6.59095581e+02 1.14823418e+02 7.09570679e+02 1.15285774e+02
    7.59837280e+02 1.15737602e+02 8.10527405e+02 1.16283707e+02
    8.60626526e+02 1.17032295e+02 9.09436401e+02 1.18375946e+02
    3.44127594e+02 1.46234238e+02 3.96691406e+02 1.45613235e+02
    4.49511749e+02 1.44940735e+02 5.01761566e+02 1.44520447e+02
    5.53783142e+02 1.42869644e+02 6.06248047e+02 1.41845963e+02
    6.59067932e+02 1.42610672e+02 7.11751892e+02 1.43735886e+02
    7.63471436e+02 1.44966934e+02 8.16115662e+02 1.46277466e+02
    8.66681091e+02 1.47489746e+02 9.18182922e+02 1.48314575e+02
    3.31517548e+02 1.74944275e+02 3.86471039e+02 1.74684906e+02
    4.41468109e+02 1.74700272e+02 4.96026947e+02 1.75263443e+02
    5.50501587e+02 1.75417084e+02 6.04435486e+02 1.75417206e+02
    6.58961792e+02 1.75984436e+02 7.13324768e+02 1.76690048e+02
    7.67235474e+02 1.76949966e+02 8.21571228e+02 1.77901932e+02
    8.74499573e+02 1.78856842e+02 9.27572083e+02 1.79537186e+02
    3.19612213e+02 2.11062119e+02 3.76809235e+02 2.10761108e+02
    4.33572266e+02 2.11354599e+02 4.90589508e+02 2.11373688e+02
    5.46520874e+02 2.11193192e+02 6.02722412e+02 2.11334442e+02
    6.59074890e+02 2.11374054e+02 7.15439514e+02 2.11621552e+02
    7.71252563e+02 2.12291672e+02 8.27602173e+02 2.12628891e+02
    8.82545654e+02 2.13361572e+02 9.37320007e+02 2.14498489e+02
    3.07408691e+02 2.49763184e+02 3.66253479e+02 2.49381958e+02
    4.24771271e+02 2.48970978e+02 4.83717133e+02 2.49094955e+02
    5.42110596e+02 2.48575394e+02 6.00418396e+02 2.48828400e+02
    6.58824768e+02 2.49066864e+02 7.17763611e+02 2.49266998e+02
    7.75622864e+02 2.49791382e+02 8.33897278e+02 2.50510910e+02
    8.90807800e+02 2.51380981e+02 9.47471863e+02 2.52159409e+02
    2.92936462e+02 2.90454041e+02 3.53990509e+02 2.89414154e+02
    4.15216553e+02 2.88625092e+02 4.76643890e+02 2.88110504e+02
    5.37208557e+02 2.87440033e+02 5.98130188e+02 2.87227264e+02
    6.58838745e+02 2.86739410e+02 7.20329590e+02 2.87593323e+02
    7.80337036e+02 2.89144623e+02 8.40923950e+02 2.90443512e+02
    8.99919250e+02 2.91578247e+02 9.58812744e+02 2.92660400e+02
    2.77630219e+02 3.34527283e+02 3.41758362e+02 3.33647705e+02
    4.05516754e+02 3.33296173e+02 4.69262848e+02 3.33235596e+02
    5.32593079e+02 3.32692596e+02 5.95594910e+02 3.32406036e+02
    6.59141296e+02 3.32857239e+02 7.22645996e+02 3.33681732e+02
    7.85041321e+02 3.34267426e+02 8.48536011e+02 3.34678345e+02
    9.10170166e+02 3.34323303e+02 9.71439941e+02 3.35558685e+02
    6.98187561e+02 1.85403809e+02 7.41306763e+02 1.83582520e+02
    7.84744263e+02 1.82387421e+02 8.29526062e+02 1.81197647e+02
    8.73925171e+02 1.80032654e+02 9.19235779e+02 1.79040512e+02
    9.64752380e+02 1.78071808e+02 1.01152228e+03 1.77140244e+02
    1.05756775e+03 1.76682404e+02 1.10472217e+03 1.76143936e+02
    1.15067126e+03 1.75624344e+02 1.19740051e+03 1.75509827e+02
    6.97298279e+02 2.25398682e+02 7.40538513e+02 2.24458023e+02
    7.84856140e+02 2.23772354e+02 8.29484924e+02 2.23401306e+02
    8.74409424e+02 2.22435547e+02 9.20001770e+02 2.21372986e+02
    9.66296875e+02 2.20784058e+02 1.01293481e+03 2.20008148e+02
    1.05970251e+03 2.19458649e+02 1.10739185e+03 2.18875809e+02
    1.15454321e+03 2.18417130e+02 1.20165295e+03 2.18049805e+02
    6.96155334e+02 2.67347382e+02 7.40377502e+02 2.66672150e+02
    7.84828186e+02 2.66060486e+02 8.30076416e+02 2.65226776e+02
    8.75169678e+02 2.64179291e+02 9.21488525e+02 2.63354126e+02
    9.68181152e+02 2.62884949e+02 1.01520239e+03 2.62686188e+02
    1.06250391e+03 2.62447327e+02 1.11041626e+03 2.62375732e+02
    1.15788916e+03 2.62406036e+02 1.20535144e+03 2.62026794e+02
    6.95107300e+02 3.08659546e+02 7.39462585e+02 3.08557251e+02
